23
683.796 183.158 -11.5766 0 1 0
360.754 105.259 404.452 0 0.707107 -0.707107
178.051 125.089 -150.714 0 0.707107 0.707107
31.3347 99.0201 148.061 0 0.707107 -0.707107
-36.8148 62.337 -200.031 0 0.707107 0.707107
-563.447 173.513 135.378 0 0.707107 -0.707107
-174.926 309.558 -496.834 0 1 0
389.419 99.9797 -778.91 0 1 0
616.055 15.3972 -512.808 0 1 0
532.096 19.1615 -227.227 0 1 0
-529.786 130.567 -231.743 0 1 0
-184.494 100.347 229.569 0 1 0
-531.201 375.681 860.839 0 1 0
159.549 38.8262 525.558 0 1 0
-19.488 70.6908 440.991 0 1 0
169.208 134.707 257.946 0 1 0
291.57 69.4907 603.195 0 1 0
4.28929 94.3058 273.909 0 1 0
-558.458 24.0639 543.703 0 1 0
-649.792 76.5032 393.773 0 0 1
-557.984 356.318 502.727 0 -1 0
-551.665 181.926 615.854 0 0 -1
-600.873 45.8644 452.393 0 1 0
25
0 1
1 2
1 13
2 3
3 4
4 6
4 11
5 10
6 7
7 8
8 9
9 0
10 6
11 5
12 18
13 14
14 17
15 16
16 12
17 15
18 19
19 20
20 21
21 22
22 5
