25		
-100	5	-50 0 1 0
-50	13	-100 0 1 0
0	21	-50 0 1 0
-50	29	0 0 1 0
-100	37	-50 0 1 0
-50	45	-100 0 1 0
0	53	-50 0 1 0
-50	61	0 0 1 0
-100	69	-50 0 1 0
-50	77	-100 0 1 0
0	85	-50 0 1 0
-50	93	0 0 1 0
-100	93	50  0 1 0
-50	93	100 0 1 0
0	85	50 0 1 0
-50	77	0 0 1 0
-100	69	50 0 1 0
-50	61	100 0 1 0
0	53	50 0 1 0
-50	45	0 0 1 0 
-100	37	50 0 1 0
-50	29	100 0 1 0 
0	21	50 0 1 0
-50	13	0 0 1 0
25
0 1
1 2
2 3
3 4
4 5
5 6
6 7
7 8
8 9
9 10
10 11
11 12
12 13
13 14
14 15
15 16
16 17
17 18
18 19
19 20
20 21
21 22
22 23
23 24
24 0